MATCHPACK  = 3 VALORES
(1773189583,2192,
ID, DURATION
155,  
BYTE COM INFORMACOES = 
1 mais a esquerda é sempre 1
WIN
FIRSTBLOOD
FIRST TOWER
FIRSTINIB
FIRST BARON
FIRST DRAGON
FIRST RIFT HERALD

TEAM B PACK = 10 VALORES
stats
8, 1, 0, 4, 1
towerKills
inibKills
baronKills
dragonKills
riftHeraldKills

bans 
81, 38, 35, 555, 86,

PLAYERS
PLAYER1
64, 18, 14, 3, 2, 377, 2, 0, 0, 0,        10 valores
25621, 4509, 20703, 408, 17754, 3994,     6 valores 
28, 21, 18221, 2, 1, 58, 102, 69, 8, 17, 0,  11 valores

105, 11, 11, 5, 2, 369, 3, 0, 0, 0,
29606, 24203, 4312, 1090, 1856, 1856,
15, 17, 13125, 1, 0, 152, 4, 4, 0, 17, 0,

3
41, 5, 10, 2, 2, 540, 1, 0, 0, 0,
23909, 9026, 11800, 3082, 13162, 4316,
23, 18, 13284, 1, 0, 178, 12, 0, 0, 17, 0,

4
498, 11, 10, 4, 2, 902, 2, 0, 0, 0,
45150, 877, 42892, 1380, 31246, 10502,
20, 30, 19276, 4, 0, 225, 38, 19, 8, 17, 2,

5
497, 2, 9, 0, 1, 413, 0, 0, 0, 0,
9657, 6142, 1306, 2208, 4897, 2386,
74, 39, 11346, 0, 0, 21, 4, 0, 0, 16, 4,

TOTAL ATÉ AGORA = 3inicio 10TIME  27 * 5player = 148 
TEAM R PACK
stats
7, 1, 2, 2, 0,
bans
51, 10, 25, 141, 12,

PLAYERS
1
107, 19, 11, 5, 3, 334, 2, 1, 0, 0,
43964, 1328, 41789, 846, 38381, 1690,
46, 13, 18825, 0, 0, 37, 163, 115, 8, 18, 2,

2
518, 5, 12, 2, 1, 392, 0, 0, 0, 0,
17992, 15006, 2143, 842, 10635, 5122,
9, 35, 12878, 2, 1, 157, 1, 1, 0, 17, 0,

3
157, 20, 6, 7, 2, 650, 1, 0, 0, 0,
39241, 2438, 33964, 2839, 20894, 6093,
26, 17, 20797, 3, 0, 230, 16, 5, 4, 18, 1,

4
202, 8, 8, 3, 2, 527, 2, 0, 0, 0,
25066, 1460, 23506, 100, 25558, 6473,
21, 20, 15146, 1, 0, 204, 4, 1, 0, 17, 2,

5
111, 2, 10, 0, 1, 474, 0, 0, 0, 0,
10551, 7108, 2723, 718, 5053, 282,
57, 68, 10123, 0, 0, 48, 4, 0, 4, 16, 1)
